1,1,1
2,1,2
3,1,3
4,1,4
5,2,5
6,2,6
7,2,7
8,2,8
9,2,9
10,2,10
11,2,11
12,2,12
13,2,13
14,2,14
15,2,15
16,2,16
17,2,17
18,2,18
19,2,19
20,2,20
21,2,21
22,2,22
23,2,23
24,2,24
25,2,25
26,2,26
27,3,27
28,4,24
29,5,19
30,6,28
31,7,29
32,8,30
33,9,31
34,10,32
35,10,33
36,10,34
37,10,35
38,10,36
39,10,37
40,10,38
41,10,39
42,11,31
43,12,40
44,12,41
45,12,42
46,13,42
47,14,42
48,15,43
49,16,44
50,17,45
51,17,46
52,17,47
53,17,48
54,17,49
55,18,50
56,19,51
57,20,51
58,21,52
59,21,53
60,22,54
61,23,55
62,24,56
63,25,56
64,26,57
65,27,58
66,28,59
67,29,60
68,30,61
69,31,62
70,32,63
71,33,8
72,33,10
73,34,64
74,35,63
75,36,65
76,37,66
77,37,67
78,37,65
79,37,68
80,37,69
81,37,70
82,37,71
83,37,72
84,38,73
85,39,22
86,40,74
87,40,75
88,41,76
89,41,75
90,42,30
91,43,77
92,44,78
93,45,79
94,45,80
95,46,81
96,46,82
97,47,83
98,48,84
99,48,24
100,49,85
101,50,86
102,51,87
103,51,88
104,51,89
105,51,90
106,51,91
107,51,92
108,52,93
109,53,94
110,54,95
111,54,96
112,54,97
113,54,94
114,55,79
115,56,98
116,56,99
117,56,100
118,56,101
119,56,102
120,56,103
121,56,34
122,56,104
123,56,105
124,56,106
125,56,107
126,56,108
127,56,109
128,56,110
129,57,50
130,57,104
131,57,108
132,58,50
133,58,108
134,59,110
135,60,111
136,61,112
137,62,113
138,62,114
139,62,115
140,62,116
141,62,117
142,62,64
143,63,118
144,64,119
145,65,120
146,66,36
147,67,12
148,67,15
149,67,16
150,67,20
151,68,121
152,69,35
153,70,35
154,71,73
155,72,122
156,73,28
157,73,43
158,74,123
159,74,122
160,74,124
161,74,125
162,74,90
163,74,91
164,74,110
165,75,126
166,76,95
167,77,98
168,77,127
169,78,128
170,78,129
171,79,130
172,79,131
173,79,132
174,79,133
175,79,134
176,79,135
177,80,78
178,81,39
179,82,136
180,82,39
181,82,57
182,83,137
183,84,138
184,85,139
185,86,140
186,87,141
187,87,142
188,87,143
189,87,144
190,88,126
191,88,145
192,88,146
193,88,147
194,88,148
195,88,149
196,88,75
197,88,72
198,89,150
199,89,146
200,89,148
201,90,20
202,91,46
203,92,151
204,93,3
205,94,152
206,95,95
207,96,92
208,97,28
209,97,43
210,98,153
211,99,154
212,100,155
213,101,155
214,101,70
215,102,156
216,103,157
217,104,158
218,104,159
219,105,160
220,106,161
221,106,58
222,106,157
223,107,162
224,108,163
225,108,164
226,108,165
227,108,166
228,108,167
229,108,168
230,109,165
231,110,169
232,111,169
233,112,170
234,112,171
235,112,90
236,112,172
237,113,80
238,114,28
239,114,95
240,115,173
241,115,174
242,115,175
243,115,176
244,115,177
245,115,178
246,115,179
247,115,180
248,115,181
249,116,88
250,117,182
251,117,183
252,118,184
253,119,184
254,119,185
255,120,186
256,121,65
257,122,187
258,123,188
259,124,189
260,125,190
261,126,191
262,127,192
263,128,193
264,128,194
265,128,195
266,128,196
267,128,110
268,128,197
269,129,193
270,129,198
271,129,199
272,129,200
273,129,186
274,130,36
275,131,201
276,131,189
277,131,202
278,131,203
279,132,182
280,133,204
281,134,204
282,135,205
283,136,206
284,137,207
285,138,208
286,139,38
287,140,158
288,141,209
289,142,210
290,143,130
291,144,211
292,145,62
293,145,152
294,146,212
295,146,213
296,146,214
297,146,62
298,146,152
299,146,215
300,146,216
301,146,217
302,147,218
303,148,219
304,149,153
305,150,187
306,151,172
307,152,220
308,152,189
309,152,139
310,153,221
311,154,39
312,155,222
313,155,223
314,155,224
315,155,199
316,155,200
317,156,56
318,157,152
319,158,225
320,159,101
321,159,207
322,159,226
323,159,227
324,159,228
325,159,229
326,159,230
327,160,207
328,161,147
329,162,231
330,162,39
331,163,86
332,164,232
333,165,111
334,166,116
335,167,233
336,167,39
337,168,234
338,169,235
339,170,161
340,171,102
341,171,236
342,172,237
343,173,238
344,174,222
345,174,223
346,174,239
347,174,240
348,175,228
349,176,151
350,177,56
351,178,43
352,179,241
353,180,165
354,181,242
355,182,215
356,183,243
357,184,232
358,184,72
359,185,43
360,186,22
361,187,216
362,188,244
363,189,245
364,190,246
365,190,247
366,190,126
367,190,248
368,190,249
369,190,250
370,191,57
371,192,251
372,193,252
373,194,253
374,195,60
375,196,60
376,197,254
377,198,212
378,199,255
379,199,256
380,200,72
381,201,257
382,202,245
383,202,218
384,202,140
385,203,258
386,204,259
387,205,98
388,206,225
389,207,260
390,208,155
391,209,261
392,210,225
393,211,14
394,212,238
395,213,262
396,214,263
397,214,27
398,214,264
399,214,265
400,214,266
401,214,238
402,214,267
403,215,268
404,216,264
405,216,268
406,216,267
407,217,269
408,218,270
409,219,153
410,219,270
411,219,271
412,220,119
413,220,272
414,220,273
415,220,274
416,220,275
417,220,276
418,220,277
419,220,278
420,220,279
421,220,280
422,220,281
423,220,282
424,220,283
425,220,284
426,220,285
427,220,286
428,220,287
429,221,288
430,221,81
431,221,289
432,221,290
433,222,291
434,223,6
435,224,39
436,225,32
437,225,292
438,225,39
439,226,293
440,227,294
441,228,295
442,229,296
443,230,225
444,231,297
445,232,297
446,233,116
447,234,97
448,235,97
449,236,298
450,237,299
451,238,300
452,239,78
453,240,301
454,241,302
455,242,303
456,242,138
457,242,304
458,242,305
459,242,284
460,243,173
461,243,306
462,244,155
463,244,75
464,245,307
465,245,308
466,245,309
467,246,112
468,247,310
469,247,232
470,248,311
471,249,204
472,249,312
473,250,43
474,251,298
475,252,225
476,253,313
477,253,314
478,254,271
479,255,138
480,256,161
481,257,315
482,258,316
483,259,317
484,260,152
485,261,318
486,262,114
487,263,319
488,264,263
489,264,282
490,265,320
491,266,321
492,267,322
493,267,323
494,268,324
495,269,146
496,269,240
497,270,206
498,271,325
499,272,47
500,273,326
501,274,46
502,275,111
503,276,225
504,277,327
505,277,296
506,277,328
507,277,329
508,277,330
509,277,331
510,277,47
511,278,95
512,279,166
513,280,332
514,281,63
515,282,33
516,283,333
517,283,251
518,284,101
519,284,229
520,285,36
521,286,24
522,287,24
523,288,334
524,289,36
525,290,225
526,291,335
527,291,334
528,291,336
529,291,337
530,291,77
531,291,46
532,291,338
533,292,339
534,293,340
535,294,248
536,294,257
537,295,175
538,296,341
539,297,341
540,297,107
541,298,341
542,299,30
543,299,77
544,300,26
545,301,255
546,302,50
547,303,104
548,303,107
549,303,108
550,304,78
551,304,314
552,304,342
553,304,23
554,305,313
555,305,14
556,306,43
557,307,181
558,308,343
559,309,17
560,310,344
561,311,161
562,312,345
563,313,169
564,313,346
565,314,343
566,315,347
567,315,348
568,316,71
569,317,217
570,318,293
571,319,82
572,320,11
573,321,301
574,322,332
575,323,349
576,324,300
577,325,350
578,326,67
579,326,65
580,327,269
581,328,69
582,329,248
583,330,136
584,331,258
585,331,39
586,332,39
587,333,351
588,333,352
589,333,117
590,333,353
591,334,241
592,334,322
593,335,40
594,335,151
595,336,40
596,336,354
597,336,322
598,336,355
599,336,356
600,336,357
601,336,46
602,336,358
603,336,4
604,337,67
605,338,14
606,338,25
607,339,161
608,340,161
609,341,359
610,342,360
611,343,300
612,343,111
613,343,361
614,343,39
615,344,362
616,344,363
617,344,315
618,344,364
619,344,365
620,345,366
621,345,367
622,345,340
623,345,368
624,346,95
625,347,52
626,348,68
627,349,290
628,350,369
629,351,370
630,351,129
631,351,321
632,351,371
633,352,372
634,352,302
635,352,373
636,353,374
637,354,375
638,354,376
639,355,162
640,356,79
641,356,187
642,356,377
643,356,14
644,356,80
645,356,23
646,356,378
647,356,379
648,356,162
649,356,380
650,356,206
651,357,266
652,357,381
653,358,217
654,359,279
655,360,24
656,361,14
657,361,19
658,362,220
659,362,115
660,362,319
661,363,61
662,363,382
663,363,109
664,364,152
665,365,43
666,365,383
667,366,36
668,367,251
669,368,87
670,369,211
671,370,384
672,370,211
673,370,385
674,371,386
675,371,387
676,372,301
677,373,388
678,374,33
679,375,282
680,376,60
681,377,88
682,378,263
683,379,389
684,380,390
685,381,391
686,381,86
687,381,158
688,381,392
689,381,393
690,381,394
691,382,391
692,383,392
693,384,83
694,384,154
695,384,343
696,384,269
697,384,262
698,384,353
699,385,372
700,386,161
701,387,236
702,388,395
703,389,181
704,390,396
705,391,206
706,392,277
707,392,397
708,392,398
709,393,397
710,394,399
711,395,400
712,396,401
713,396,93
714,396,402
715,396,188
716,396,110
717,397,153
718,397,403
719,397,188
720,397,332
721,398,138
722,398,304
723,399,232
724,400,46
725,400,404
726,401,24
727,402,405
728,403,406
729,404,407
730,404,408
731,404,189
732,404,55
733,404,169
734,404,51
735,404,409
736,404,73
737,404,405
738,404,406
739,405,410
740,405,55
741,405,169
742,405,411
743,406,318
744,406,189
745,406,120
746,407,51
747,408,153
748,409,95
749,410,412
750,410,369
751,410,274
752,410,413
753,411,414
754,411,415
755,411,416
756,412,104
757,412,106
758,413,95
759,413,218
760,413,417
761,413,418
762,413,383
763,413,419
764,414,420
765,414,388
766,414,339
767,414,421
768,414,349
769,414,320
770,414,422
771,415,407
772,415,408
773,416,290
774,417,61
775,418,79
776,418,187
777,419,44
778,420,423
779,420,424
780,421,425
781,422,425
782,423,425
783,424,81
784,424,47
785,425,43
786,425,95
787,425,426
788,425,427
789,425,428
790,425,429
791,425,218
792,425,59
793,425,430
794,425,417
795,425,96
796,425,235
797,425,431
798,425,110
799,425,419
800,425,432
801,425,317
802,425,94
803,426,398
804,427,294
805,428,433
806,429,434
807,430,435
808,431,257
809,432,33
810,433,80
811,434,436
812,435,437
813,435,39
814,436,161
815,437,405
816,437,406
817,438,87
818,439,263
819,439,14
820,439,432
821,440,181
822,441,433
823,441,185
824,442,438
825,443,225
826,444,78
827,445,78
828,446,78
829,447,94
830,448,241
831,449,95
832,449,21
833,450,439
834,451,114
835,452,440
836,452,117
837,452,441
838,453,442
839,454,442
840,454,390
841,455,442
842,456,67
843,457,181
844,458,443
845,459,77
846,460,413
847,461,388
848,462,62
849,463,62
850,464,62
851,465,251
852,466,54
853,466,309
854,466,242
855,467,29
856,468,112
857,469,262
858,470,249
859,470,44
860,471,22
861,472,189
862,472,444
863,472,445
864,473,153
865,474,446
866,474,447
867,474,389
868,474,448
869,474,449
870,474,450
871,474,219
872,474,451
873,474,117
874,475,14
875,476,410
876,476,405
877,477,153
878,478,243
879,479,161
880,480,30
881,481,388
882,481,262
883,482,435
884,483,339
885,484,153
886,485,452
887,486,29
888,487,153
889,488,447
890,489,190
891,490,453
892,490,432
893,491,451
894,492,451
895,493,50
896,494,212
897,495,13
898,496,112
899,497,454
900,497,455
901,497,28
902,497,456
903,497,43
904,497,95
905,497,383
906,497,210
907,497,287
908,498,14
909,499,19
910,500,457
911,501,458
912,502,459
913,502,460
914,502,461
915,502,458
916,502,457
917,503,344
918,504,115
919,505,116
920,506,86
921,507,356
922,508,382
923,509,361
924,510,445
925,511,90
926,511,172
927,512,462
928,512,463
929,512,221
930,513,464
931,513,465
932,514,384
933,514,466
934,514,467
935,514,468
936,514,469
937,514,45
938,514,46
939,514,48
940,514,49
941,514,470
942,514,320
943,515,471
944,515,472
945,515,125
946,515,299
947,516,435
948,517,97
949,518,371
950,519,361
951,520,36
952,521,473
953,522,155
954,523,72
955,524,295
956,524,469
957,525,61
958,526,206
959,527,61
960,528,26
961,529,370
962,530,442
963,531,474
964,531,194
965,531,195
966,531,401
967,531,475
968,531,402
969,531,196
970,531,110
971,531,197
972,531,476
973,532,477
974,532,478
975,533,198
976,533,461
977,533,196
978,533,479
979,533,360
980,533,110
981,534,480
982,535,481
983,536,204
984,536,482
985,536,53
986,536,208
987,536,47
988,537,214
989,538,297
990,539,80
991,540,483
992,541,214
993,542,78
994,543,484
995,543,284
996,543,485
997,544,36
998,545,36
999,546,212
1000,547,296
1001,548,486
1002,549,487
1003,549,31
1004,549,52
1005,549,486
1006,549,121
1007,549,436
1008,549,60
1009,550,91
1010,551,452
1011,552,245
1012,553,219
1013,554,202
1014,555,393
1015,556,42
1016,557,29
1017,558,370
1018,559,290
1019,560,318
1020,561,488
1021,561,489
1022,562,153
1023,563,14
1024,563,480
1025,564,480
1026,565,272
1027,566,43
1028,567,490
1029,567,82
1030,567,395
1031,568,35
1032,568,37
1033,569,50
1034,570,41
1035,571,67
1036,572,460
1037,572,461
1038,572,479
1039,572,491
1040,572,492
1041,572,360
1042,572,110
1043,573,441
1044,574,459
1045,575,438
1046,576,206
1047,577,191
1048,577,259
1049,577,443
1050,577,467
1051,577,438
1052,578,23
1053,579,242
1054,580,60
1055,581,493
1056,582,35
1057,583,494
1058,584,425
1059,584,119
1060,584,374
1061,585,246
1062,586,379
1063,587,26
1064,588,227
1065,589,187
1066,590,187
1067,591,176
1068,592,495
1069,592,252
1070,592,253
1071,592,496
1072,592,497
1073,592,351
1074,592,352
1075,592,498
1076,592,353
1077,593,166
1078,594,344
1079,595,28
1080,596,499
1081,597,238
1082,598,216
1083,599,435
1084,600,500
1085,600,307
1086,600,244
1087,600,501
1088,601,438
1089,602,173
1090,603,19
1091,604,114
1092,605,437
1093,606,43
1094,607,56
1095,608,13
1096,609,122
1097,610,189
1098,611,296
1099,612,293
1100,613,59
1101,613,480
1102,613,419
1103,614,97
1104,615,294
1105,616,152
1106,617,290
1107,618,262
1108,619,257
1109,620,19
1110,621,136
1111,622,502
1112,623,290
1113,624,503
1114,625,138
1115,626,236
1116,627,504
1117,628,379
1118,629,206
1119,630,187
1120,631,87
1121,632,82
1122,633,174
1123,633,177
1124,634,177
1125,634,291
1126,635,505
1127,636,124
1128,636,63
1129,636,506
1130,637,95
1131,637,303
1132,638,57
1133,639,87
1134,640,245
1135,641,107
1136,642,507
1137,642,508
1138,642,505
1139,642,434
1140,642,344
1141,643,413
1142,644,83
1143,645,394
1144,646,413
1145,647,28
1146,648,29
1147,649,502
1148,649,94
1149,650,308
1150,651,87
1151,652,292
1152,652,174
1153,653,271
1154,654,332
1155,655,413
1156,656,453
1157,657,79
1158,658,234
1159,659,293
1160,659,442
1161,659,234
1162,659,141
1163,659,142
1164,659,143
1165,659,81
1166,659,144
1167,659,509
1168,660,6
1169,661,14
1170,662,510
1171,662,112
1172,663,511
1173,663,400
1174,663,512
1175,664,513
1176,664,358
1177,665,14
1178,666,480
1179,666,280
1180,667,487
1181,668,187
1182,669,187
1183,670,236
1184,671,346
1185,672,161
1186,673,161
1187,674,289
1188,675,85
1189,676,316
1190,676,396
1191,677,78
1192,678,262
1193,679,100
1194,680,514
1195,680,515
1196,680,156
1197,680,254
1198,681,316
1199,681,514
1200,681,515
1201,681,297
1202,681,309
1203,682,316
1204,683,70
1205,684,97
1206,685,516
1207,686,274
1208,686,413
1209,686,516
1210,687,442
1211,688,442
1212,689,44
1213,690,517
1214,690,23
1215,690,348
1216,690,518
1217,690,183
1218,690,519
1219,690,160
1220,691,375
1221,692,495
1222,692,520
1223,693,99
1224,694,2
1225,695,95
1226,695,521
1227,695,417
1228,695,260
1229,695,376
1230,695,418
1231,695,140
1232,695,522
1233,695,110
1234,695,523
1235,695,424
1236,696,362
1237,696,524
1238,696,481
1239,696,525
1240,696,508
1241,696,364
1242,696,365
1243,696,526
1244,696,527
1245,697,52
1246,698,153
1247,699,153
1248,700,233
1249,701,97
1250,702,528
1251,702,481
1252,703,365
1253,704,405
1254,705,529
1255,706,530
1256,707,192
1257,708,530
1258,709,168
1259,710,11
1260,711,60
1261,712,390
1262,713,126
1263,714,41
1264,715,531
1265,715,59
1266,715,417
1267,715,532
1268,715,490
1269,715,85
1270,715,140
1271,715,118
1272,715,533
1273,715,110
1274,715,419
1275,715,432
1276,716,5
1277,717,320
1278,718,494
1279,719,310
1280,719,435
1281,719,112
1282,720,435
1283,721,310
1284,722,169
1285,723,530
1286,723,534
1287,723,278
1288,724,444
1289,725,287
1290,726,153
1291,727,380
1292,728,321
1293,729,119
1294,729,263
1295,729,137
1296,729,277
1297,729,535
1298,729,167
1299,729,432
1300,729,261
1301,730,257
1302,731,379
1303,731,380
1304,732,378
1305,733,315
1306,734,221
1307,735,300
1308,736,29
1309,736,243
1310,736,151
1311,736,294
1312,736,356
1313,736,399
1314,737,301
1315,738,203
1316,739,333
1317,739,416
1318,740,311
1319,740,251
1320,740,416
1321,741,97
1322,742,290
1323,743,110
1324,744,515
1325,744,309
1326,745,514
1327,746,156
1328,746,254
1329,746,309
1330,747,40
1331,748,153
1332,749,227
1333,750,324
1334,751,271
1335,752,484
1336,753,114
1337,754,313
1338,755,370
1339,756,1
1340,757,332
1341,758,536
1342,758,537
1343,759,155
1344,760,63
1345,761,86
1346,762,315
1347,763,77
1348,763,538
1349,763,56
1350,763,345
1351,764,517
1352,764,503
1353,764,396
1354,765,468
1355,766,349
1356,767,130
1357,767,131
1358,767,494
1359,767,132
1360,767,134
1361,767,135
1362,768,19
1363,769,385
1364,770,87
1365,771,342
1366,772,82
1367,773,11
1368,774,460
1369,774,110
1370,775,539
1371,775,110
1372,776,58
1373,776,110
1374,777,110
1375,778,540
1376,778,110
1377,779,52
1378,779,439
1379,780,262
1380,781,24
1381,782,14
1382,783,487
1383,783,31
1384,784,398
1385,785,53
1386,786,157
1387,787,104
1388,788,259
1389,788,173
1390,788,467
1391,788,541
1392,788,452
1393,789,541
1394,790,248
1395,791,248
1396,792,199
1397,793,378
1398,793,379
1399,794,378
1400,795,43
1401,796,50
1402,797,536
1403,797,368
1404,797,537
1405,797,387
1406,797,68
1407,797,71
1408,797,72
1409,798,189
1410,799,542
1411,800,509
1412,801,535
1413,802,114
1414,803,28
1415,804,217
1416,805,515
1417,806,22
1418,807,116
1419,808,204
1420,809,347
1421,809,326
1422,809,160
1423,810,326
1424,811,235
1425,811,266
1426,811,543
1427,811,110
1428,811,544
1429,812,334
1430,812,112
1431,812,46
1432,812,545
1433,813,373
1434,814,166
1435,815,511
1436,815,513
1437,815,529
1438,815,546
1439,815,308
1440,815,489
1441,815,473
1442,815,525
1443,815,400
1444,815,133
1445,815,359
1446,815,185
1447,815,47
1448,815,547
1449,815,548
1450,815,352
1451,815,549
1452,815,499
1453,815,550
1454,815,551
1455,815,404
1456,815,512
1457,815,160
1458,815,415
1459,815,256
1460,816,153
1461,817,251
1462,818,474
1463,818,493
1464,818,190
1465,819,501
1466,820,19
1467,821,324
1468,821,519
1469,822,112
1470,823,227
1471,824,171
1472,825,399
1473,826,300
1474,827,265
1475,828,298
1476,829,271
